processed
-2992.0 1184.0 0.00000 1.00000 1.00000 0.39062 0.39062    -2832.0 1184.0 0.00000 1.00000 1.00000 0.39062 0.39062    -2992.0 2112.0 0.00000 1.00000 1.00000 0.39062 0.39062    -2832.0 2112.0 0.00000 1.00000 1.00000 0.37500 0.37500
-2832.0 1296.0 0.00000 1.00000 1.00000 0.37500 0.37500    -2704.0 1296.0 0.00000 1.00000 1.00000 0.39062 0.39062    -2832.0 2192.0 0.00000 1.00000 1.00000 0.39062 0.39062    -2704.0 2192.0 0.00000 1.00000 1.00000 0.37500 0.37500
-2704.0 1360.0 0.00000 1.00000 1.00000 0.37500 0.37500    -2240.0 1360.0 0.00000 1.00000 1.00000 0.39062 0.39062    -2704.0 2224.0 0.00000 1.00000 1.00000 0.39062 0.39062    -2240.0 2224.0 0.00000 1.00000 1.00000 0.39062 0.39062
-2240.0 1440.0 0.00000 1.00000 1.00000 0.39062 0.39062    -2000.0 1440.0 0.00000 1.00000 1.00000 0.37500 0.37500    -2240.0 2224.0 0.00000 1.00000 1.00000 0.39062 0.39062    -2000.0 2224.0 0.00000 1.00000 1.00000 0.39062 0.39062
-2064.0 1312.0 0.00000 1.00000 1.00000 0.39062 0.39062    -2000.0 1312.0 0.00000 1.00000 1.00000 0.39062 0.39062    -2064.0 1440.0 0.00000 1.00000 1.00000 0.37500 0.37500    -2000.0 1440.0 0.00000 1.00000 1.00000 0.37500 0.37500
-2000.0 1392.0 0.00000 1.00000 1.00000 0.37500 0.37500    -1712.0 1392.0 0.00000 1.00000 1.00000 0.37500 0.37500    -2000.0 1792.0 0.00000 1.00000 1.00000 0.37500 0.37500    -1712.0 1792.0 0.00000 1.00000 1.00000 0.39062 0.39062
-2000.0 1792.0 0.00000 1.00000 1.00000 0.37500 0.37500    -1760.0 1792.0 0.00000 1.00000 1.00000 0.37500 0.37500    -2000.0 2016.0 0.00000 1.00000 1.00000 0.37500 0.37500    -1760.0 2016.0 0.00000 1.00000 1.00000 0.39062 0.39062
-2000.0 2016.0 0.00000 1.00000 1.00000 0.37500 0.37500    -1856.0 2016.0 0.00000 1.00000 1.00000 0.37500 0.37500    -2000.0 2176.0 0.00000 1.00000 1.00000 0.37500 0.37500    -1856.0 2176.0 0.00000 1.00000 1.00000 0.39062 0.39062
-2000.0 2176.0 0.00000 1.00000 1.00000 0.37500 0.37500    -1920.0 2176.0 0.00000 1.00000 1.00000 0.37500 0.37500    -2000.0 2224.0 0.00000 1.00000 1.00000 0.39062 0.39062    -1920.0 2224.0 0.00000 1.00000 1.00000 0.39062 0.39062
-2208.0 2224.0 0.00000 1.00000 1.00000 0.37500 0.37500    -2000.0 2224.0 0.00000 1.00000 1.00000 0.39062 0.39062    -2208.0 2432.0 0.00000 1.00000 1.00000 0.32812 0.32812    -2000.0 2432.0 0.00000 1.00000 1.00000 0.39062 0.39062
-2208.0 2432.0 0.00000 1.00000 1.00000 0.32812 0.32812    -2000.0 2432.0 0.00000 1.00000 1.00000 0.39062 0.39062    -2208.0 2560.0 0.00000 1.00000 1.00000 0.39062 0.39062    -2000.0 2560.0 0.00000 1.00000 1.00000 0.39062 0.39062
-2352.0 2448.0 0.00000 1.00000 1.00000 0.39062 0.39062    -2208.0 2448.0 0.00000 1.00000 1.00000 0.32812 0.32812    -2352.0 2560.0 0.00000 1.00000 1.00000 0.39062 0.39062    -2208.0 2560.0 0.00000 1.00000 1.00000 0.39062 0.39062
-2304.0 2352.0 0.00000 1.00000 1.00000 0.39062 0.39062    -2208.0 2352.0 0.00000 1.00000 1.00000 0.34375 0.34375    -2304.0 2448.0 0.00000 1.00000 1.00000 0.35938 0.35938    -2208.0 2448.0 0.00000 1.00000 1.00000 0.32812 0.32812
-1712.0 1360.0 0.00000 1.00000 1.00000 0.39062 0.39062    -1600.0 1360.0 0.00000 1.00000 1.00000 0.37500 0.37500    -1712.0 1792.0 0.00000 1.00000 1.00000 0.39062 0.39062    -1600.0 1792.0 0.00000 1.00000 1.00000 0.39062 0.39062
-1664.0 1280.0 0.00000 1.00000 1.00000 0.39062 0.39062    -1600.0 1280.0 0.00000 1.00000 1.00000 0.39062 0.39062    -1664.0 1360.0 0.00000 1.00000 1.00000 0.37500 0.37500    -1600.0 1360.0 0.00000 1.00000 1.00000 0.37500 0.37500
-1600.0 1280.0 0.00000 1.00000 1.00000 0.39062 0.39062    -1440.0 1280.0 0.00000 1.00000 1.00000 0.35938 0.35938    -1600.0 1696.0 0.00000 1.00000 1.00000 0.37500 0.37500    -1440.0 1696.0 0.00000 1.00000 1.00000 0.39062 0.39062
-1600.0 1696.0 0.00000 1.00000 1.00000 0.37500 0.37500    -1536.0 1696.0 0.00000 1.00000 1.00000 0.37500 0.37500    -1600.0 1728.0 0.00000 1.00000 1.00000 0.37500 0.37500    -1536.0 1728.0 0.00000 1.00000 1.00000 0.39062 0.39062
-1440.0 1440.0 0.00000 1.00000 1.00000 0.35938 0.35938    -1232.0 1440.0 0.00000 1.00000 1.00000 0.37500 0.37500    -1440.0 1680.0 0.00000 1.00000 1.00000 0.37500 0.37500    -1232.0 1680.0 0.00000 1.00000 1.00000 0.39062 0.39062
-1232.0 1440.0 0.00000 1.00000 1.00000 0.37500 0.37500    -1136.0 1440.0 0.00000 1.00000 1.00000 0.39062 0.39062    -1232.0 1616.0 0.00000 1.00000 1.00000 0.37500 0.37500    -1136.0 1616.0 0.00000 1.00000 1.00000 0.39062 0.39062
-1440.0 1280.0 0.00000 1.00000 1.00000 0.35938 0.35938    -1136.0 1280.0 0.00000 1.00000 1.00000 0.37500 0.37500    -1440.0 1440.0 0.00000 1.00000 1.00000 0.35938 0.35938    -1136.0 1440.0 0.00000 1.00000 1.00000 0.39062 0.39062
-1136.0 1248.0 0.00000 1.00000 1.00000 0.37500 0.37500    -1104.0 1248.0 0.00000 1.00000 1.00000 0.39062 0.39062    -1136.0 1424.0 0.00000 1.00000 1.00000 0.37500 0.37500    -1104.0 1424.0 0.00000 1.00000 1.00000 0.39062 0.39062
-1520.0 1104.0 0.00000 1.00000 1.00000 0.39062 0.39062    -1104.0 1104.0 0.00000 1.00000 1.00000 0.35938 0.35938    -1520.0 1248.0 0.00000 1.00000 1.00000 0.35938 0.35938    -1104.0 1248.0 0.00000 1.00000 1.00000 0.39062 0.39062
-1520.0 1248.0 0.00000 1.00000 1.00000 0.35938 0.35938    -1136.0 1248.0 0.00000 1.00000 1.00000 0.37500 0.37500    -1520.0 1280.0 0.00000 1.00000 1.00000 0.37500 0.37500    -1136.0 1280.0 0.00000 1.00000 1.00000 0.37500 0.37500
-1600.0 1200.0 0.00000 1.00000 1.00000 0.39062 0.39062    -1520.0 1200.0 0.00000 1.00000 1.00000 0.35938 0.35938    -1600.0 1280.0 0.00000 1.00000 1.00000 0.39062 0.39062    -1520.0 1280.0 0.00000 1.00000 1.00000 0.37500 0.37500
-1104.0 944.0 0.00000 1.00000 1.00000 0.37500 0.37500    -960.0 944.0 0.00000 1.00000 1.00000 0.37500 0.37500    -1104.0 1136.0 0.00000 1.00000 1.00000 0.35938 0.35938    -960.0 1136.0 0.00000 1.00000 1.00000 0.39062 0.39062
-1424.0 944.0 0.00000 1.00000 1.00000 0.39062 0.39062    -1104.0 944.0 0.00000 1.00000 1.00000 0.37500 0.37500    -1424.0 1104.0 0.00000 1.00000 1.00000 0.37500 0.37500    -1104.0 1104.0 0.00000 1.00000 1.00000 0.35938 0.35938
-1520.0 1008.0 0.00000 1.00000 1.00000 0.39062 0.39062    -1424.0 1008.0 0.00000 1.00000 1.00000 0.37500 0.37500    -1520.0 1104.0 0.00000 1.00000 1.00000 0.39062 0.39062    -1424.0 1104.0 0.00000 1.00000 1.00000 0.37500 0.37500
-1424.0 784.0 0.00000 1.00000 1.00000 0.37500 0.37500    -896.0 784.0 0.00000 1.00000 1.00000 0.39062 0.39062    -1424.0 944.0 0.00000 1.00000 1.00000 0.39062 0.39062    -896.0 944.0 0.00000 1.00000 1.00000 0.39062 0.39062
-1488.0 560.0 0.00000 0.99164 0.99164 0.37500 0.37500    -896.0 560.0 0.00000 0.94664 0.94664 0.31250 0.31250    -1488.0 784.0 0.00000 1.00000 1.00000 0.39062 0.39062    -896.0 784.0 0.00000 1.00000 1.00000 0.39062 0.39062
-1536.0 560.0 0.00000 0.99515 0.99515 0.37500 0.37500    -1488.0 560.0 0.00000 0.99164 0.99164 0.37500 0.37500    -1536.0 672.0 0.00000 1.00000 1.00000 0.39062 0.39062    -1488.0 672.0 0.00000 0.99582 0.99582 0.37500 0.37500
-896.0 208.0 0.00000 0.86049 0.86049 0.25000 0.25000    -768.0 208.0 0.00000 0.98450 0.98450 0.35938 0.35938    -896.0 720.0 0.00000 0.98475 0.98475 0.35938 0.35938    -768.0 720.0 0.00000 1.00000 1.00000 0.39062 0.39062
-1600.0 208.0 0.00000 0.10204 0.10204 0.01562 0.01562    -896.0 208.0 0.00000 0.86049 0.86049 0.25000 0.25000    -1600.0 560.0 0.00000 1.00000 1.00000 0.39062 0.39062    -896.0 560.0 0.00000 0.94664 0.94664 0.31250 0.31250
-992.0 -144.0 0.00000 1.00000 1.00000 0.39062 0.39062    -912.0 -144.0 0.00000 1.00000 1.00000 0.39062 0.39062    -992.0 208.0 0.00000 0.75707 0.75707 0.20312 0.20312    -912.0 208.0 0.00000 0.84326 0.84326 0.23438 0.23438
-1744.0 -816.0 0.00000 1.00000 1.00000 0.39062 0.39062    -1184.0 -816.0 0.00000 1.00000 1.00000 0.39062 0.39062    -1744.0 -592.0 0.00000 0.06505 0.06505 0.00000 0.00000    -1184.0 -592.0 0.00000 0.82604 0.82604 0.31250 0.31250
-1456.0 -592.0 0.00000 0.45642 0.45642 0.15625 0.15625    -1056.0 -592.0 0.00000 1.00000 1.00000 0.39062 0.39062    -1456.0 -432.0 0.00000 1.00000 1.00000 0.39062 0.39062    -1056.0 -432.0 0.00000 0.13793 0.13793 0.03125 0.03125
-3000.0 -1184.0 0.00000 1.00000 0.00000 0.00000 0.00000    -2880.0 -1184.0 0.00000 1.00000 1.00000 0.39062 0.39062    -3000.0 -816.0 0.00000 1.00000 0.00000 0.00000 0.00000    -2880.0 -816.0 0.00000 1.00000 1.00000 0.39062 0.39062
-2880.0 -1168.0 0.00000 1.00000 1.00000 0.37500 0.37500    -2768.0 -1168.0 0.00000 1.00000 1.00000 0.39062 0.39062    -2880.0 -896.0 0.00000 1.00000 1.00000 0.37500 0.37500    -2768.0 -896.0 0.00000 1.00000 1.00000 0.37500 0.37500
-2768.0 -1088.0 0.00000 1.00000 1.00000 0.37500 0.37500    -2656.0 -1088.0 0.00000 1.00000 1.00000 0.39062 0.39062    -2768.0 -848.0 0.00000 1.00000 1.00000 0.39062 0.39062    -2656.0 -848.0 0.00000 1.00000 1.00000 0.37500 0.37500
-2656.0 -1024.0 0.00000 1.00000 1.00000 0.37500 0.37500    -2512.0 -1024.0 0.00000 1.00000 1.00000 0.39062 0.39062    -2656.0 -816.0 0.00000 1.00000 1.00000 0.39062 0.39062    -2512.0 -816.0 0.00000 1.00000 1.00000 0.39062 0.39062
-2512.0 -976.0 0.00000 1.00000 1.00000 0.37500 0.37500    -2400.0 -976.0 0.00000 1.00000 1.00000 0.37500 0.37500    -2512.0 -816.0 0.00000 1.00000 1.00000 0.39062 0.39062    -2400.0 -816.0 0.00000 1.00000 1.00000 0.39062 0.39062
-2400.0 -1056.0 0.00000 1.00000 1.00000 0.39062 0.39062    -2256.0 -1056.0 0.00000 1.00000 1.00000 0.37500 0.37500    -2400.0 -864.0 0.00000 1.00000 1.00000 0.37500 0.37500    -2256.0 -864.0 0.00000 1.00000 1.00000 0.39062 0.39062
-2256.0 -1184.0 0.00000 1.00000 1.00000 0.39062 0.39062    -2144.0 -1184.0 0.00000 1.00000 1.00000 0.37500 0.37500    -2256.0 -976.0 0.00000 1.00000 1.00000 0.37500 0.37500    -2144.0 -976.0 0.00000 1.00000 1.00000 0.39062 0.39062
-2144.0 -1408.0 0.00000 1.00000 1.00000 0.39062 0.39062    -2000.0 -1408.0 0.00000 1.00000 1.00000 0.39062 0.39062    -2144.0 -1072.0 0.00000 1.00000 1.00000 0.37500 0.37500    -2000.0 -1072.0 0.00000 1.00000 1.00000 0.39062 0.39062
-2000.0 -1536.0 0.00000 1.00000 1.00000 0.39062 0.39062    -1856.0 -1536.0 0.00000 1.00000 1.00000 0.37500 0.37500    -2000.0 -1280.0 0.00000 1.00000 1.00000 0.39062 0.39062    -1856.0 -1280.0 0.00000 1.00000 1.00000 0.39062 0.39062
-1856.0 -1648.0 0.00000 1.00000 1.00000 0.39062 0.39062    -1728.0 -1648.0 0.00000 1.00000 1.00000 0.37500 0.37500    -1856.0 -1440.0 0.00000 1.00000 1.00000 0.37500 0.37500    -1728.0 -1440.0 0.00000 1.00000 1.00000 0.39062 0.39062
-1728.0 -1728.0 0.00000 1.00000 1.00000 0.39062 0.39062    -1584.0 -1728.0 0.00000 1.00000 1.00000 0.39062 0.39062    -1728.0 -1520.0 0.00000 1.00000 1.00000 0.37500 0.37500    -1584.0 -1520.0 0.00000 1.00000 1.00000 0.39062 0.39062
-1584.0 -1792.0 0.00000 1.00000 1.00000 0.39062 0.39062    -1344.0 -1792.0 0.00000 1.00000 1.00000 0.35938 0.35938    -1584.0 -1648.0 0.00000 1.00000 1.00000 0.39062 0.39062    -1344.0 -1648.0 0.00000 1.00000 1.00000 0.39062 0.39062
-1344.0 -2032.0 0.00000 1.00000 1.00000 0.35938 0.35938    -1216.0 -2032.0 0.00000 1.00000 1.00000 0.35938 0.35938    -1344.0 -1712.0 0.00000 1.00000 1.00000 0.37500 0.37500    -1216.0 -1712.0 0.00000 1.00000 1.00000 0.39062 0.39062
-1440.0 -2112.0 0.00000 1.00000 1.00000 0.37500 0.37500    -1344.0 -2112.0 0.00000 1.00000 1.00000 0.39062 0.39062    -1440.0 -1968.0 0.00000 1.00000 1.00000 0.39062 0.39062    -1344.0 -1968.0 0.00000 1.00000 1.00000 0.35938 0.35938
-1488.0 -2192.0 0.00000 1.00000 1.00000 0.37500 0.37500    -1440.0 -2192.0 0.00000 1.00000 1.00000 0.39062 0.39062    -1488.0 -2048.0 0.00000 1.00000 1.00000 0.39062 0.39062    -1440.0 -2048.0 0.00000 1.00000 1.00000 0.37500 0.37500
-1568.0 -2352.0 0.00000 1.00000 1.00000 0.39062 0.39062    -1488.0 -2352.0 0.00000 1.00000 1.00000 0.39062 0.39062    -1568.0 -2096.0 0.00000 1.00000 1.00000 0.39062 0.39062    -1488.0 -2096.0 0.00000 1.00000 1.00000 0.37500 0.37500
-1216.0 -2208.0 0.00000 1.00000 1.00000 0.37500 0.37500    -1104.0 -2208.0 0.00000 1.00000 1.00000 0.39062 0.39062    -1216.0 -1888.0 0.00000 1.00000 1.00000 0.35938 0.35938    -1104.0 -1888.0 0.00000 1.00000 1.00000 0.39062 0.39062
-1232.0 -2304.0 0.00000 1.00000 1.00000 0.37500 0.37500    -1120.0 -2304.0 0.00000 1.00000 1.00000 0.39062 0.39062    -1232.0 -2208.0 0.00000 1.00000 1.00000 0.39062 0.39062    -1120.0 -2208.0 0.00000 1.00000 1.00000 0.37500 0.37500
-1248.0 -2480.0 0.00000 1.00000 1.00000 0.39062 0.39062    -1184.0 -2480.0 0.00000 1.00000 1.00000 0.39062 0.39062    -1248.0 -2304.0 0.00000 1.00000 1.00000 0.39062 0.39062    -1184.0 -2304.0 0.00000 1.00000 1.00000 0.37500 0.37500
-1248.0 -2560.0 0.00000 1.00000 1.00000 0.39062 0.39062    -1200.0 -2560.0 0.00000 1.00000 1.00000 0.39062 0.39062    -1248.0 -2480.0 0.00000 1.00000 1.00000 0.39062 0.39062    -1200.0 -2480.0 0.00000 1.00000 1.00000 0.39062 0.39062
-1248.0 -2640.0 0.00000 1.00000 1.00000 0.39062 0.39062    -1152.0 -2640.0 0.00000 1.00000 1.00000 0.37500 0.37500    -1248.0 -2560.0 0.00000 1.00000 1.00000 0.39062 0.39062    -1152.0 -2560.0 0.00000 1.00000 1.00000 0.39062 0.39062
-1200.0 -2752.0 0.00000 1.00000 1.00000 0.39062 0.39062    -1088.0 -2752.0 0.00000 1.00000 1.00000 0.37500 0.37500    -1200.0 -2640.0 0.00000 1.00000 1.00000 0.37500 0.37500    -1088.0 -2640.0 0.00000 1.00000 1.00000 0.39062 0.39062
-1200.0 -2896.0 0.00000 1.00000 1.00000 0.37500 0.37500    -928.0 -2896.0 0.00000 1.00000 1.00000 0.37500 0.37500    -1200.0 -2752.0 0.00000 1.00000 1.00000 0.39062 0.39062    -928.0 -2752.0 0.00000 1.00000 1.00000 0.39062 0.39062
-2016.0 -2976.0 0.00000 1.00000 1.00000 0.37500 0.37500    -1520.0 -2976.0 0.00000 1.00000 1.00000 0.39062 0.39062    -2016.0 -2704.0 0.00000 1.00000 1.00000 0.39062 0.39062    -1520.0 -2704.0 0.00000 1.00000 1.00000 0.39062 0.39062
-1520.0 -2976.0 0.00000 1.00000 1.00000 0.39062 0.39062    -1376.0 -2976.0 0.00000 1.00000 1.00000 0.39062 0.39062    -1520.0 -2896.0 0.00000 1.00000 1.00000 0.37500 0.37500    -1376.0 -2896.0 0.00000 1.00000 1.00000 0.39062 0.39062
-2256.0 -2992.0 0.00000 1.00000 1.00000 0.39062 0.39062    -2016.0 -2992.0 0.00000 1.00000 1.00000 0.39062 0.39062    -2256.0 -2768.0 0.00000 1.00000 1.00000 0.37500 0.37500    -2016.0 -2768.0 0.00000 1.00000 1.00000 0.37500 0.37500
-2448.0 -2992.0 0.00000 1.00000 1.00000 0.39062 0.39062    -2256.0 -2992.0 0.00000 1.00000 1.00000 0.39062 0.39062    -2448.0 -2704.0 0.00000 1.00000 1.00000 0.39062 0.39062    -2256.0 -2704.0 0.00000 1.00000 1.00000 0.39062 0.39062
-2912.0 -2992.0 0.00000 1.00000 1.00000 0.39062 0.39062    -2448.0 -2992.0 0.00000 1.00000 1.00000 0.39062 0.39062    -2912.0 -2704.0 0.00000 1.00000 0.15942 0.04688 0.04688    -2448.0 -2704.0 0.00000 1.00000 1.00000 0.39062 0.39062
-3000.0 -2704.0 0.00000 1.00000 0.00000 0.00000 0.00000    -2516.0 -2704.0 0.00000 1.00000 0.87681 0.32812 0.32812    -3000.0 -2576.0 0.00000 1.00000 0.00000 0.00000 0.00000    -2516.0 -2576.0 0.00000 1.00000 1.00000 0.39062 0.39062
-3000.0 -2576.0 0.00000 1.00000 0.00000 0.00000 0.00000    -2600.0 -2576.0 0.00000 1.00000 0.82645 0.31250 0.31250    -3000.0 -2448.0 0.00000 1.00000 0.00000 0.00000 0.00000    -2600.0 -2448.0 0.00000 1.00000 1.00000 0.39062 0.39062
-3000.0 -2448.0 0.00000 1.00000 0.00000 0.00000 0.00000    -2628.0 -2448.0 0.00000 1.00000 0.93000 0.35938 0.35938    -3000.0 -2144.0 0.00000 1.00000 0.00000 0.00000 0.00000    -2628.0 -2144.0 0.00000 1.00000 1.00000 0.39062 0.39062
-3000.0 -2144.0 0.00000 1.00000 0.00000 0.00000 0.00000    -2670.0 -2144.0 0.00000 1.00000 0.88710 0.34375 0.34375    -3000.0 -2032.0 0.00000 1.00000 0.00000 0.00000 0.00000    -2670.0 -2032.0 0.00000 1.00000 1.00000 0.39062 0.39062
-3000.0 -2032.0 0.00000 1.00000 0.00000 0.00000 0.00000    -2836.0 -2032.0 0.00000 1.00000 0.49697 0.18750 0.18750    -3000.0 -1904.0 0.00000 1.00000 0.00000 0.00000 0.00000    -2836.0 -1904.0 0.00000 1.00000 1.00000 0.39062 0.39062
-3000.0 -1904.0 0.00000 1.00000 0.00000 0.00000 0.00000    -2924.0 -1904.0 0.00000 1.00000 0.46341 0.17188 0.17188    -3000.0 -1376.0 0.00000 1.00000 0.00000 0.00000 0.00000    -2924.0 -1376.0 0.00000 1.00000 1.00000 0.39062 0.39062
-3000.0 -1376.0 0.00000 1.00000 0.00000 0.00000 0.00000    -2960.0 -1376.0 0.00000 1.00000 0.52632 0.20312 0.20312    -3000.0 -1184.0 0.00000 1.00000 0.00000 0.00000 0.00000    -2960.0 -1184.0 0.00000 1.00000 0.33333 0.12500 0.12500
-2960.0 -1244.0 0.00000 1.00000 0.39364 0.14062 0.14062    -2936.0 -1244.0 0.00000 1.00000 1.00000 0.39062 0.39062    -2960.0 -1184.0 0.00000 1.00000 0.33333 0.12500 0.12500    -2936.0 -1184.0 0.00000 1.00000 0.53333 0.20312 0.20312
-768.0 224.0 0.00000 0.98498 0.98498 0.35938 0.35938    -720.0 224.0 0.00000 1.00000 1.00000 0.39062 0.39062    -768.0 656.0 0.00000 0.99806 0.99806 0.37500 0.37500    -720.0 656.0 0.00000 1.00000 1.00000 0.35938 0.35938
-720.0 256.0 0.00000 1.00000 1.00000 0.37500 0.37500    -656.0 256.0 0.00000 1.00000 1.00000 0.39062 0.39062    -720.0 672.0 0.00000 1.00000 1.00000 0.37500 0.37500    -656.0 672.0 0.00000 1.00000 1.00000 0.37500 0.37500
-656.0 288.0 0.00000 1.00000 1.00000 0.37500 0.37500    -496.0 288.0 0.00000 1.00000 1.00000 0.39062 0.39062    -656.0 576.0 0.00000 1.00000 1.00000 0.37500 0.37500    -496.0 576.0 0.00000 1.00000 1.00000 0.39062 0.39062
-496.0 304.0 0.00000 1.00000 1.00000 0.37500 0.37500    -384.0 304.0 0.00000 1.00000 1.00000 0.37500 0.37500    -496.0 560.0 0.00000 1.00000 1.00000 0.37500 0.37500    -384.0 560.0 0.00000 1.00000 1.00000 0.39062 0.39062
-384.0 272.0 0.00000 1.00000 1.00000 0.39062 0.39062    -224.0 272.0 0.00000 1.00000 1.00000 0.37500 0.37500    -384.0 512.0 0.00000 1.00000 1.00000 0.37500 0.37500    -224.0 512.0 0.00000 1.00000 1.00000 0.39062 0.39062
-224.0 224.0 0.00000 1.00000 1.00000 0.39062 0.39062    -64.0 224.0 0.00000 1.00000 1.00000 0.37500 0.37500    -224.0 480.0 0.00000 1.00000 1.00000 0.37500 0.37500    -64.0 480.0 0.00000 1.00000 1.00000 0.37500 0.37500
-64.0 160.0 0.00000 1.00000 1.00000 0.39062 0.39062    64.0 160.0 0.00000 1.00000 1.00000 0.37500 0.37500    -64.0 496.0 0.00000 1.00000 1.00000 0.39062 0.39062    64.0 496.0 0.00000 1.00000 1.00000 0.37500 0.37500
64.0 144.0 0.00000 1.00000 1.00000 0.39062 0.39062    304.0 144.0 0.00000 1.00000 1.00000 0.39062 0.39062    64.0 544.0 0.00000 1.00000 1.00000 0.39062 0.39062    304.0 544.0 0.00000 1.00000 1.00000 0.37500 0.37500
144.0 544.0 0.00000 1.00000 1.00000 0.37500 0.37500    304.0 544.0 0.00000 1.00000 1.00000 0.37500 0.37500    144.0 608.0 0.00000 1.00000 1.00000 0.39062 0.39062    304.0 608.0 0.00000 1.00000 1.00000 0.39062 0.39062
304.0 176.0 0.00000 1.00000 1.00000 0.37500 0.37500    384.0 176.0 0.00000 1.00000 1.00000 0.39062 0.39062    304.0 608.0 0.00000 1.00000 1.00000 0.39062 0.39062    384.0 608.0 0.00000 1.00000 1.00000 0.37500 0.37500
384.0 240.0 0.00000 1.00000 1.00000 0.37500 0.37500    464.0 240.0 0.00000 1.00000 1.00000 0.39062 0.39062    384.0 624.0 0.00000 1.00000 1.00000 0.39062 0.39062    464.0 624.0 0.00000 1.00000 1.00000 0.39062 0.39062
464.0 304.0 0.00000 1.00000 1.00000 0.39062 0.39062    544.0 304.0 0.00000 1.00000 1.00000 0.39062 0.39062    464.0 624.0 0.00000 1.00000 1.00000 0.39062 0.39062    544.0 624.0 0.00000 1.00000 1.00000 0.37500 0.37500
544.0 368.0 0.00000 1.00000 1.00000 0.37500 0.37500    800.0 368.0 0.00000 1.00000 1.00000 0.39062 0.39062    544.0 640.0 0.00000 1.00000 1.00000 0.39062 0.39062    800.0 640.0 0.00000 1.00000 1.00000 0.37500 0.37500
800.0 432.0 0.00000 1.00000 1.00000 0.37500 0.37500    944.0 432.0 0.00000 1.00000 1.00000 0.39062 0.39062    800.0 672.0 0.00000 1.00000 1.00000 0.39062 0.39062    944.0 672.0 0.00000 1.00000 1.00000 0.37500 0.37500
944.0 480.0 0.00000 1.00000 1.00000 0.37500 0.37500    976.0 480.0 0.00000 1.00000 1.00000 0.39062 0.39062    944.0 688.0 0.00000 1.00000 1.00000 0.39062 0.39062    976.0 688.0 0.00000 1.00000 1.00000 0.39062 0.39062
976.0 528.0 0.00000 1.00000 1.00000 0.37500 0.37500    1040.0 528.0 0.00000 1.00000 1.00000 0.39062 0.39062    976.0 688.0 0.00000 1.00000 1.00000 0.39062 0.39062    1040.0 688.0 0.00000 1.00000 1.00000 0.39062 0.39062
1040.0 560.0 0.00000 1.00000 1.00000 0.39062 0.39062    1280.0 560.0 0.00000 1.00000 1.00000 0.37500 0.37500    1040.0 656.0 0.00000 1.00000 1.00000 0.37500 0.37500    1280.0 656.0 0.00000 1.00000 1.00000 0.39062 0.39062
1280.0 480.0 0.00000 1.00000 1.00000 0.39062 0.39062    1472.0 480.0 0.00000 1.00000 1.00000 0.37500 0.37500    1280.0 640.0 0.00000 1.00000 1.00000 0.37500 0.37500    1472.0 640.0 0.00000 1.00000 1.00000 0.39062 0.39062
1472.0 432.0 0.00000 1.00000 1.00000 0.39062 0.39062    1616.0 432.0 0.00000 1.00000 1.00000 0.37500 0.37500    1472.0 640.0 0.00000 1.00000 1.00000 0.39062 0.39062    1616.0 640.0 0.00000 1.00000 1.00000 0.39062 0.39062
1616.0 416.0 0.00000 1.00000 1.00000 0.39062 0.39062    1824.0 416.0 0.00000 1.00000 1.00000 0.37500 0.37500    1616.0 608.0 0.00000 1.00000 1.00000 0.37500 0.37500    1824.0 608.0 0.00000 1.00000 1.00000 0.39062 0.39062
1824.0 400.0 0.00000 1.00000 1.00000 0.39062 0.39062    2160.0 400.0 0.00000 1.00000 1.00000 0.31250 0.31250    1824.0 576.0 0.00000 1.00000 1.00000 0.37500 0.37500    2160.0 576.0 0.00000 1.00000 1.00000 0.39062 0.39062
2160.0 400.0 0.00000 1.00000 1.00000 0.31250 0.31250    2432.0 400.0 0.00000 1.00000 1.00000 0.37500 0.37500    2160.0 512.0 0.00000 1.00000 1.00000 0.35938 0.35938    2432.0 512.0 0.00000 1.00000 1.00000 0.37500 0.37500
2432.0 368.0 0.00000 1.00000 1.00000 0.39062 0.39062    2560.0 368.0 0.00000 1.00000 1.00000 0.37500 0.37500    2432.0 544.0 0.00000 1.00000 1.00000 0.37500 0.37500    2560.0 544.0 0.00000 1.00000 1.00000 0.35938 0.35938
2560.0 336.0 0.00000 1.00000 1.00000 0.39062 0.39062    2720.0 336.0 0.00000 1.00000 1.00000 0.37500 0.37500    2560.0 576.0 0.00000 1.00000 1.00000 0.35938 0.35938    2720.0 576.0 0.00000 1.00000 1.00000 0.35938 0.35938
2720.0 304.0 0.00000 1.00000 1.00000 0.39062 0.39062    2816.0 304.0 0.00000 1.00000 1.00000 0.37500 0.37500    2720.0 560.0 0.00000 1.00000 1.00000 0.35938 0.35938    2816.0 560.0 0.00000 1.00000 1.00000 0.37500 0.37500
2816.0 160.0 0.00000 1.00000 1.00000 0.39062 0.39062    2992.0 160.0 0.00000 1.00000 1.00000 0.39062 0.39062    2816.0 576.0 0.00000 1.00000 1.00000 0.37500 0.37500    2992.0 576.0 0.00000 1.00000 1.00000 0.39062 0.39062
2864.0 -80.0 0.00000 1.00000 1.00000 0.39062 0.39062    2992.0 -80.0 0.00000 1.00000 0.05882 0.01562 0.01562    2864.0 160.0 0.00000 1.00000 1.00000 0.37500 0.37500    2992.0 160.0 0.00000 1.00000 1.00000 0.39062 0.39062
-1376.0 -2976.0 0.00000 1.00000 1.00000 0.39062 0.39062    -544.0 -2976.0 0.00000 1.00000 1.00000 0.39062 0.39062    -1376.0 -2896.0 0.00000 1.00000 1.00000 0.39062 0.39062    -544.0 -2896.0 0.00000 1.00000 1.00000 0.37500 0.37500
-928.0 -2896.0 0.00000 1.00000 1.00000 0.37500 0.37500    -544.0 -2896.0 0.00000 1.00000 1.00000 0.37500 0.37500    -928.0 -2800.0 0.00000 1.00000 1.00000 0.37500 0.37500    -544.0 -2800.0 0.00000 1.00000 1.00000 0.39062 0.39062
-544.0 -2976.0 0.00000 1.00000 1.00000 0.39062 0.39062    -320.0 -2976.0 0.00000 1.00000 1.00000 0.39062 0.39062    -544.0 -2840.0 0.00000 1.00000 1.00000 0.37500 0.37500    -320.0 -2840.0 0.00000 1.00000 1.00000 0.39062 0.39062
-320.0 -2976.0 0.00000 1.00000 1.00000 0.39062 0.39062    -192.0 -2976.0 0.00000 1.00000 1.00000 0.39062 0.39062    -320.0 -2880.0 0.00000 1.00000 1.00000 0.37500 0.37500    -192.0 -2880.0 0.00000 1.00000 1.00000 0.39062 0.39062
-192.0 -2976.0 0.00000 1.00000 1.00000 0.39062 0.39062    160.0 -2976.0 0.00000 1.00000 1.00000 0.39062 0.39062    -192.0 -2920.0 0.00000 1.00000 1.00000 0.37500 0.37500    160.0 -2920.0 0.00000 1.00000 1.00000 0.34375 0.34375
-104.0 -2920.0 0.00000 1.00000 1.00000 0.35938 0.35938    160.0 -2920.0 0.00000 1.00000 1.00000 0.34375 0.34375    -104.0 -2872.0 0.00000 1.00000 1.00000 0.39062 0.39062    160.0 -2872.0 0.00000 1.00000 1.00000 0.32812 0.32812
-32.0 -2872.0 0.00000 1.00000 1.00000 0.35938 0.35938    160.0 -2872.0 0.00000 1.00000 1.00000 0.32812 0.32812    -32.0 -2816.0 0.00000 1.00000 1.00000 0.39062 0.39062    160.0 -2816.0 0.00000 1.00000 1.00000 0.29688 0.29688
16.0 -2816.0 0.00000 1.00000 1.00000 0.35938 0.35938    160.0 -2816.0 0.00000 1.00000 1.00000 0.29688 0.29688    16.0 -2672.0 0.00000 1.00000 1.00000 0.39062 0.39062    160.0 -2672.0 0.00000 1.00000 1.00000 0.25000 0.25000
40.0 -2672.0 0.00000 1.00000 1.00000 0.35938 0.35938    160.0 -2672.0 0.00000 1.00000 1.00000 0.25000 0.25000    40.0 -2256.0 0.00000 1.00000 1.00000 0.23438 0.23438    160.0 -2256.0 0.00000 1.00000 1.00000 0.17188 0.17188
16.0 -2536.0 0.00000 1.00000 1.00000 0.39062 0.39062    40.0 -2536.0 0.00000 1.00000 1.00000 0.31250 0.31250    16.0 -2256.0 0.00000 1.00000 1.00000 0.25000 0.25000    40.0 -2256.0 0.00000 1.00000 1.00000 0.23438 0.23438
-32.0 -2440.0 0.00000 1.00000 1.00000 0.39062 0.39062    16.0 -2440.0 0.00000 1.00000 1.00000 0.32812 0.32812    -32.0 -2256.0 0.00000 1.00000 1.00000 0.28125 0.28125    16.0 -2256.0 0.00000 1.00000 1.00000 0.25000 0.25000
-16.0 -2488.0 0.00000 1.00000 1.00000 0.39062 0.39062    16.0 -2488.0 0.00000 1.00000 1.00000 0.35938 0.35938    -16.0 -2440.0 0.00000 1.00000 1.00000 0.35938 0.35938    16.0 -2440.0 0.00000 1.00000 1.00000 0.32812 0.32812
-96.0 -2424.0 0.00000 1.00000 1.00000 0.39062 0.39062    -32.0 -2424.0 0.00000 1.00000 1.00000 0.37500 0.37500    -96.0 -2256.0 0.00000 1.00000 1.00000 0.31250 0.31250    -32.0 -2256.0 0.00000 1.00000 1.00000 0.28125 0.28125
-168.0 -2384.0 0.00000 1.00000 1.00000 0.39062 0.39062    -96.0 -2384.0 0.00000 1.00000 1.00000 0.35938 0.35938    -168.0 -2256.0 0.00000 1.00000 1.00000 0.34375 0.34375    -96.0 -2256.0 0.00000 1.00000 1.00000 0.31250 0.31250
-224.0 -2256.0 0.00000 1.00000 1.00000 0.39062 0.39062    160.0 -2256.0 0.00000 1.00000 1.00000 0.17188 0.17188    -224.0 -2080.0 0.00000 1.00000 1.00000 0.37500 0.37500    160.0 -2080.0 0.00000 1.00000 1.00000 0.15625 0.15625
-248.0 -2080.0 0.00000 1.00000 1.00000 0.39062 0.39062    160.0 -2080.0 0.00000 1.00000 1.00000 0.15625 0.15625    -248.0 -1968.0 0.00000 1.00000 1.00000 0.35938 0.35938    160.0 -1968.0 0.00000 1.00000 1.00000 0.18750 0.18750
-280.0 -1968.0 0.00000 1.00000 1.00000 0.39062 0.39062    -128.0 -1968.0 0.00000 1.00000 1.00000 0.29688 0.29688    -280.0 -1824.0 0.00000 1.00000 1.00000 0.39062 0.39062    -128.0 -1824.0 0.00000 1.00000 1.00000 0.29688 0.29688
-264.0 -2016.0 0.00000 1.00000 1.00000 0.39062 0.39062    -248.0 -2016.0 0.00000 1.00000 1.00000 0.35938 0.35938    -264.0 -1968.0 0.00000 1.00000 1.00000 0.37500 0.37500    -248.0 -1968.0 0.00000 1.00000 1.00000 0.35938 0.35938
-264.0 -1824.0 0.00000 1.00000 1.00000 0.37500 0.37500    -128.0 -1824.0 0.00000 1.00000 1.00000 0.29688 0.29688    -264.0 -1648.0 0.00000 1.00000 1.00000 0.39062 0.39062    -128.0 -1648.0 0.00000 1.00000 1.00000 0.39062 0.39062
-128.0 -1768.0 0.00000 1.00000 1.00000 0.31250 0.31250    112.0 -1768.0 0.00000 1.00000 1.00000 0.37500 0.37500    -128.0 -1648.0 0.00000 1.00000 1.00000 0.39062 0.39062    112.0 -1648.0 0.00000 1.00000 1.00000 0.39062 0.39062
-128.0 -1792.0 0.00000 1.00000 1.00000 0.31250 0.31250    120.0 -1792.0 0.00000 1.00000 1.00000 0.37500 0.37500    -128.0 -1768.0 0.00000 1.00000 1.00000 0.31250 0.31250    120.0 -1768.0 0.00000 1.00000 1.00000 0.39062 0.39062
-128.0 -1968.0 0.00000 1.00000 1.00000 0.29688 0.29688    136.0 -1968.0 0.00000 1.00000 1.00000 0.18750 0.18750    -128.0 -1792.0 0.00000 1.00000 1.00000 0.31250 0.31250    136.0 -1792.0 0.00000 1.00000 1.00000 0.39062 0.39062
160.0 -2128.0 0.00000 1.00000 1.00000 0.15625 0.15625    592.0 -2128.0 0.00000 1.00000 1.00000 0.15625 0.15625    160.0 -1976.0 0.00000 1.00000 1.00000 0.17188 0.17188    592.0 -1976.0 0.00000 1.00000 1.00000 0.29688 0.29688
480.0 -1976.0 0.00000 1.00000 1.00000 0.25000 0.25000    592.0 -1976.0 0.00000 1.00000 1.00000 0.29688 0.29688    480.0 -1896.0 0.00000 1.00000 1.00000 0.34375 0.34375    592.0 -1896.0 0.00000 1.00000 1.00000 0.39062 0.39062
352.0 -1976.0 0.00000 1.00000 1.00000 0.21875 0.21875    480.0 -1976.0 0.00000 1.00000 1.00000 0.25000 0.25000    352.0 -1896.0 0.00000 1.00000 1.00000 0.32812 0.32812    480.0 -1896.0 0.00000 1.00000 1.00000 0.34375 0.34375
232.0 -1976.0 0.00000 1.00000 1.00000 0.18750 0.18750    352.0 -1976.0 0.00000 1.00000 1.00000 0.21875 0.21875    232.0 -1880.0 0.00000 1.00000 1.00000 0.35938 0.35938    352.0 -1880.0 0.00000 1.00000 1.00000 0.35938 0.35938
160.0 -1976.0 0.00000 1.00000 1.00000 0.17188 0.17188    232.0 -1976.0 0.00000 1.00000 1.00000 0.18750 0.18750    160.0 -1872.0 0.00000 1.00000 1.00000 0.39062 0.39062    232.0 -1872.0 0.00000 1.00000 1.00000 0.39062 0.39062
136.0 -1968.0 0.00000 1.00000 1.00000 0.18750 0.18750    160.0 -1968.0 0.00000 1.00000 1.00000 0.18750 0.18750    136.0 -1872.0 0.00000 1.00000 1.00000 0.29688 0.29688    160.0 -1872.0 0.00000 1.00000 1.00000 0.39062 0.39062
160.0 -2784.0 0.00000 1.00000 1.00000 0.28125 0.28125    592.0 -2784.0 0.00000 1.00000 1.00000 0.32812 0.32812    160.0 -2128.0 0.00000 1.00000 1.00000 0.15625 0.15625    592.0 -2128.0 0.00000 1.00000 1.00000 0.15625 0.15625
160.0 -2976.0 0.00000 1.00000 1.00000 0.39062 0.39062    592.0 -2976.0 0.00000 1.00000 1.00000 0.39062 0.39062    160.0 -2784.0 0.00000 1.00000 1.00000 0.28125 0.28125    592.0 -2784.0 0.00000 1.00000 1.00000 0.32812 0.32812
352.0 -1896.0 0.00000 1.00000 1.00000 0.32812 0.32812    544.0 -1896.0 0.00000 1.00000 1.00000 0.35938 0.35938    352.0 -1864.0 0.00000 1.00000 1.00000 0.39062 0.39062    544.0 -1864.0 0.00000 1.00000 1.00000 0.39062 0.39062
592.0 -2112.0 0.00000 1.00000 1.00000 0.15625 0.15625    976.0 -2112.0 0.00000 1.00000 1.00000 0.39062 0.39062    592.0 -1896.0 0.00000 1.00000 1.00000 0.39062 0.39062    976.0 -1896.0 0.00000 1.00000 1.00000 0.39062 0.39062
736.0 -1896.0 0.00000 1.00000 1.00000 0.39062 0.39062    904.0 -1896.0 0.00000 1.00000 1.00000 0.39062 0.39062    736.0 -1864.0 0.00000 1.00000 1.00000 0.35938 0.35938    904.0 -1864.0 0.00000 1.00000 1.00000 0.39062 0.39062
704.0 -1888.0 0.00000 1.00000 1.00000 0.39062 0.39062    736.0 -1888.0 0.00000 1.00000 1.00000 0.37500 0.37500    704.0 -1728.0 0.00000 1.00000 1.00000 0.37500 0.37500    736.0 -1728.0 0.00000 1.00000 1.00000 0.37500 0.37500
736.0 -1808.0 0.00000 1.00000 1.00000 0.37500 0.37500    752.0 -1808.0 0.00000 1.00000 1.00000 0.39062 0.39062    736.0 -1728.0 0.00000 1.00000 1.00000 0.37500 0.37500    752.0 -1728.0 0.00000 1.00000 1.00000 0.39062 0.39062
696.0 -1728.0 0.00000 1.00000 1.00000 0.39062 0.39062    744.0 -1728.0 0.00000 1.00000 1.00000 0.37500 0.37500    696.0 -1480.0 0.00000 1.00000 1.00000 0.39062 0.39062    744.0 -1480.0 0.00000 1.00000 1.00000 0.39062 0.39062
592.0 -2192.0 0.00000 1.00000 1.00000 0.17188 0.17188    976.0 -2192.0 0.00000 1.00000 1.00000 0.35938 0.35938    592.0 -2112.0 0.00000 1.00000 1.00000 0.15625 0.15625    976.0 -2112.0 0.00000 1.00000 1.00000 0.39062 0.39062
592.0 -2328.0 0.00000 1.00000 1.00000 0.20312 0.20312    1008.0 -2328.0 0.00000 1.00000 1.00000 0.39062 0.39062    592.0 -2192.0 0.00000 1.00000 1.00000 0.17188 0.17188    1008.0 -2192.0 0.00000 1.00000 1.00000 0.39062 0.39062
592.0 -2976.0 0.00000 1.00000 1.00000 0.39062 0.39062    1008.0 -2976.0 0.00000 1.00000 1.00000 0.39062 0.39062    592.0 -2328.0 0.00000 1.00000 1.00000 0.20312 0.20312    1008.0 -2328.0 0.00000 1.00000 1.00000 0.39062 0.39062
1008.0 -2976.0 0.00000 1.00000 1.00000 0.39062 0.39062    1072.0 -2976.0 0.00000 1.00000 1.00000 0.39062 0.39062    1008.0 -2368.0 0.00000 1.00000 1.00000 0.37500 0.37500    1072.0 -2368.0 0.00000 1.00000 1.00000 0.39062 0.39062
1008.0 -2368.0 0.00000 1.00000 1.00000 0.37500 0.37500    1064.0 -2368.0 0.00000 1.00000 1.00000 0.37500 0.37500    1008.0 -2328.0 0.00000 1.00000 1.00000 0.39062 0.39062    1064.0 -2328.0 0.00000 1.00000 1.00000 0.39062 0.39062
1072.0 -2672.0 0.00000 1.00000 1.00000 0.39062 0.39062    1288.0 -2672.0 0.00000 1.00000 1.00000 0.39062 0.39062    1072.0 -2376.0 0.00000 1.00000 1.00000 0.37500 0.37500    1288.0 -2376.0 0.00000 1.00000 1.00000 0.39062 0.39062
1072.0 -2768.0 0.00000 1.00000 1.00000 0.37500 0.37500    1288.0 -2768.0 0.00000 1.00000 1.00000 0.37500 0.37500    1072.0 -2672.0 0.00000 1.00000 1.00000 0.39062 0.39062    1288.0 -2672.0 0.00000 1.00000 1.00000 0.39062 0.39062
1072.0 -2976.0 0.00000 1.00000 1.00000 0.39062 0.39062    1288.0 -2976.0 0.00000 1.00000 1.00000 0.39062 0.39062    1072.0 -2768.0 0.00000 1.00000 1.00000 0.37500 0.37500    1288.0 -2768.0 0.00000 1.00000 1.00000 0.37500 0.37500
1288.0 -2976.0 0.00000 1.00000 1.00000 0.39062 0.39062    1448.0 -2976.0 0.00000 1.00000 1.00000 0.39062 0.39062    1288.0 -2760.0 0.00000 1.00000 1.00000 0.37500 0.37500    1448.0 -2760.0 0.00000 1.00000 1.00000 0.39062 0.39062
1288.0 -2760.0 0.00000 1.00000 1.00000 0.37500 0.37500    1392.0 -2760.0 0.00000 1.00000 1.00000 0.37500 0.37500    1288.0 -2688.0 0.00000 1.00000 1.00000 0.37500 0.37500    1392.0 -2688.0 0.00000 1.00000 1.00000 0.39062 0.39062
1448.0 -2976.0 0.00000 1.00000 1.00000 0.39062 0.39062    1720.0 -2976.0 0.00000 1.00000 1.00000 0.39062 0.39062    1448.0 -2760.0 0.00000 1.00000 1.00000 0.39062 0.39062    1720.0 -2760.0 0.00000 1.00000 1.00000 0.39062 0.39062
1720.0 -2976.0 0.00000 1.00000 1.00000 0.39062 0.39062    2064.0 -2976.0 0.00000 1.00000 1.00000 0.39062 0.39062    1720.0 -2760.0 0.00000 1.00000 1.00000 0.39062 0.39062    2064.0 -2760.0 0.00000 1.00000 1.00000 0.37500 0.37500
2064.0 -2976.0 0.00000 1.00000 1.00000 0.39062 0.39062    2144.0 -2976.0 0.00000 1.00000 1.00000 0.39062 0.39062    2064.0 -2744.0 0.00000 1.00000 1.00000 0.39062 0.39062    2144.0 -2744.0 0.00000 1.00000 1.00000 0.37500 0.37500
2144.0 -2976.0 0.00000 1.00000 1.00000 0.39062 0.39062    2208.0 -2976.0 0.00000 1.00000 1.00000 0.39062 0.39062    2144.0 -2704.0 0.00000 1.00000 1.00000 0.39062 0.39062    2208.0 -2704.0 0.00000 1.00000 1.00000 0.37500 0.37500
2208.0 -2976.0 0.00000 1.00000 1.00000 0.39062 0.39062    2272.0 -2976.0 0.00000 1.00000 1.00000 0.39062 0.39062    2208.0 -2696.0 0.00000 1.00000 1.00000 0.39062 0.39062    2272.0 -2696.0 0.00000 1.00000 1.00000 0.37500 0.37500
2272.0 -2976.0 0.00000 1.00000 1.00000 0.39062 0.39062    2376.0 -2976.0 0.00000 1.00000 0.03158 0.00000 0.00000    2272.0 -2312.0 0.00000 1.00000 1.00000 0.39062 0.39062    2376.0 -2312.0 0.00000 1.00000 0.90526 0.34375 0.34375
2376.0 -2464.0 0.00000 1.00000 0.70526 0.25000 0.25000    2472.0 -2464.0 0.00000 1.00000 1.00000 0.39062 0.39062    2376.0 -2240.0 0.00000 1.00000 1.00000 0.39062 0.39062    2472.0 -2240.0 0.00000 1.00000 1.00000 0.39062 0.39062
2472.0 -2376.0 0.00000 1.00000 1.00000 0.37500 0.37500    2776.0 -2376.0 0.00000 1.00000 1.00000 0.39062 0.39062    2472.0 -2240.0 0.00000 1.00000 1.00000 0.39062 0.39062    2776.0 -2240.0 0.00000 1.00000 1.00000 0.37500 0.37500
2776.0 -2336.0 0.00000 1.00000 1.00000 0.37500 0.37500    2856.0 -2336.0 0.00000 1.00000 0.64286 0.23438 0.23438    2776.0 -2192.0 0.00000 1.00000 1.00000 0.39062 0.39062    2856.0 -2192.0 0.00000 1.00000 0.90000 0.34375 0.34375
2808.0 -2560.0 0.00000 1.00000 0.40000 0.15625 0.15625    3000.0 -2560.0 0.00000 1.00000 0.00000 0.00000 0.00000    2808.0 -2336.0 0.00000 1.00000 0.85714 0.31250 0.31250    3000.0 -2336.0 0.00000 1.00000 0.00000 0.00000 0.00000
2856.0 -2336.0 0.00000 1.00000 0.64286 0.23438 0.23438    3000.0 -2336.0 0.00000 1.00000 0.00000 0.00000 0.00000    2856.0 -2136.0 0.00000 1.00000 1.00000 0.39062 0.39062    3000.0 -2136.0 0.00000 1.00000 0.00000 0.00000 0.00000
2888.0 -2136.0 0.00000 1.00000 0.77778 0.29688 0.29688    3000.0 -2136.0 0.00000 1.00000 0.00000 0.00000 0.00000    2888.0 -1840.0 0.00000 1.00000 0.82353 0.31250 0.31250    3000.0 -1840.0 0.00000 1.00000 0.00000 0.00000 0.00000
2872.0 -1880.0 0.00000 1.00000 1.00000 0.39062 0.39062    2888.0 -1880.0 0.00000 1.00000 0.81735 0.29688 0.29688    2872.0 -1840.0 0.00000 1.00000 0.94118 0.35938 0.35938    2888.0 -1840.0 0.00000 1.00000 0.82353 0.31250 0.31250
2864.0 -1840.0 0.00000 1.00000 1.00000 0.39062 0.39062    3000.0 -1840.0 0.00000 1.00000 0.00000 0.00000 0.00000    2864.0 -1720.0 0.00000 1.00000 1.00000 0.39062 0.39062    3000.0 -1720.0 0.00000 1.00000 0.00000 0.00000 0.00000
2888.0 -1720.0 0.00000 1.00000 0.82353 0.31250 0.31250    3000.0 -1720.0 0.00000 1.00000 0.00000 0.00000 0.00000    2888.0 -1664.0 0.00000 1.00000 1.00000 0.39062 0.39062    3000.0 -1664.0 0.00000 1.00000 0.00000 0.00000 0.00000
2896.0 -1664.0 0.00000 1.00000 0.92857 0.35938 0.35938    3000.0 -1664.0 0.00000 1.00000 0.00000 0.00000 0.00000    2896.0 -1592.0 0.00000 1.00000 1.00000 0.39062 0.39062    3000.0 -1592.0 0.00000 1.00000 0.00000 0.00000 0.00000
2920.0 -1592.0 0.00000 1.00000 0.76923 0.29688 0.29688    3000.0 -1592.0 0.00000 1.00000 0.00000 0.00000 0.00000    2920.0 -1504.0 0.00000 1.00000 1.00000 0.39062 0.39062    3000.0 -1504.0 0.00000 1.00000 0.00000 0.00000 0.00000
2944.0 -1504.0 0.00000 1.00000 0.70000 0.26562 0.26562    3000.0 -1504.0 0.00000 1.00000 0.00000 0.00000 0.00000    2944.0 -1344.0 0.00000 1.00000 1.00000 0.39062 0.39062    3000.0 -1344.0 0.00000 1.00000 0.00000 0.00000 0.00000
2944.0 -1344.0 0.00000 1.00000 1.00000 0.39062 0.39062    3000.0 -1344.0 0.00000 1.00000 0.00000 0.00000 0.00000    2944.0 -1096.0 0.00000 1.00000 0.63636 0.23438 0.23438    3000.0 -1096.0 0.00000 1.00000 0.00000 0.00000 0.00000
2936.0 -1280.0 0.00000 1.00000 1.00000 0.39062 0.39062    2944.0 -1280.0 0.00000 1.00000 0.90616 0.34375 0.34375    2936.0 -1096.0 0.00000 1.00000 0.72727 0.28125 0.28125    2944.0 -1096.0 0.00000 1.00000 0.63636 0.23438 0.23438
2928.0 -1224.0 0.00000 1.00000 1.00000 0.39062 0.39062    2936.0 -1224.0 0.00000 1.00000 0.91700 0.34375 0.34375    2928.0 -1096.0 0.00000 1.00000 0.81818 0.31250 0.31250    2936.0 -1096.0 0.00000 1.00000 0.72727 0.28125 0.28125
2920.0 -1160.0 0.00000 1.00000 1.00000 0.39062 0.39062    2928.0 -1160.0 0.00000 1.00000 0.90909 0.34375 0.34375    2920.0 -1096.0 0.00000 1.00000 0.90909 0.34375 0.34375    2928.0 -1096.0 0.00000 1.00000 0.81818 0.31250 0.31250
2912.0 -1128.0 0.00000 1.00000 1.00000 0.39062 0.39062    2920.0 -1128.0 0.00000 1.00000 0.95455 0.35938 0.35938    2912.0 -1096.0 0.00000 1.00000 1.00000 0.39062 0.39062    2920.0 -1096.0 0.00000 1.00000 0.90909 0.34375 0.34375
2912.0 -1096.0 0.00000 1.00000 1.00000 0.39062 0.39062    3000.0 -1096.0 0.00000 1.00000 0.00000 0.00000 0.00000    2912.0 -800.0 0.00000 1.00000 1.00000 0.39062 0.39062    3000.0 -800.0 0.00000 1.00000 0.00000 0.00000 0.00000
2936.0 -800.0 0.00000 1.00000 0.72727 0.28125 0.28125    3000.0 -800.0 0.00000 1.00000 0.00000 0.00000 0.00000    2936.0 -472.0 0.00000 1.00000 0.80000 0.31250 0.31250    3000.0 -472.0 0.00000 1.00000 0.00000 0.00000 0.00000
2920.0 -472.0 0.00000 1.00000 1.00000 0.39062 0.39062    3000.0 -472.0 0.00000 1.00000 0.00000 0.00000 0.00000    2920.0 -376.0 0.00000 1.00000 0.90909 0.34375 0.34375    3000.0 -376.0 0.00000 1.00000 0.00000 0.00000 0.00000
2912.0 -376.0 0.00000 1.00000 1.00000 0.39062 0.39062    3000.0 -376.0 0.00000 1.00000 0.00000 0.00000 0.00000    2912.0 -80.0 0.00000 1.00000 0.64706 0.25000 0.25000    3000.0 -80.0 0.00000 1.00000 0.00000 0.00000 0.00000
2864.0 -344.0 0.00000 1.00000 1.00000 0.39062 0.39062    2912.0 -344.0 0.00000 1.00000 0.96184 0.37500 0.37500    2864.0 -80.0 0.00000 1.00000 1.00000 0.39062 0.39062    2912.0 -80.0 0.00000 1.00000 0.64706 0.25000 0.25000
2560.0 -2560.0 0.00000 1.00000 0.91667 0.34375 0.34375    2680.0 -2560.0 0.00000 1.00000 0.66667 0.25000 0.25000    2560.0 -2456.0 0.00000 1.00000 1.00000 0.39062 0.39062    2680.0 -2456.0 0.00000 1.00000 1.00000 0.39062 0.39062
-992.0 -384.0 0.00000 0.16667 0.16667 0.06250 0.06250    -848.0 -384.0 0.00000 1.00000 1.00000 0.39062 0.39062    -992.0 -240.0 0.00000 0.66667 0.66667 0.25000 0.25000    -848.0 -240.0 0.00000 1.00000 1.00000 0.39062 0.39062
-848.0 -384.0 0.00000 1.00000 1.00000 0.39062 0.39062    -512.0 -384.0 0.00000 1.00000 1.00000 0.37500 0.37500    -848.0 -256.0 0.00000 1.00000 1.00000 0.37500 0.37500    -512.0 -256.0 0.00000 1.00000 1.00000 0.39062 0.39062
-512.0 -400.0 0.00000 1.00000 1.00000 0.39062 0.39062    -320.0 -400.0 0.00000 1.00000 1.00000 0.37500 0.37500    -512.0 -288.0 0.00000 1.00000 1.00000 0.37500 0.37500    -320.0 -288.0 0.00000 1.00000 1.00000 0.39062 0.39062
-320.0 -400.0 0.00000 1.00000 1.00000 0.37500 0.37500    -208.0 -400.0 0.00000 1.00000 1.00000 0.37500 0.37500    -320.0 -304.0 0.00000 1.00000 1.00000 0.37500 0.37500    -208.0 -304.0 0.00000 1.00000 1.00000 0.39062 0.39062
-384.0 -528.0 0.00000 1.00000 1.00000 0.39062 0.39062    -112.0 -528.0 0.00000 1.00000 1.00000 0.37500 0.37500    -384.0 -400.0 0.00000 1.00000 1.00000 0.37500 0.37500    -112.0 -400.0 0.00000 1.00000 1.00000 0.39062 0.39062
-384.0 -704.0 0.00000 1.00000 1.00000 0.39062 0.39062    -64.0 -704.0 0.00000 1.00000 1.00000 0.39062 0.39062    -384.0 -528.0 0.00000 1.00000 1.00000 0.39062 0.39062    -64.0 -528.0 0.00000 1.00000 1.00000 0.39062 0.39062
-336.0 -816.0 0.00000 1.00000 1.00000 0.39062 0.39062    -80.0 -816.0 0.00000 1.00000 1.00000 0.37500 0.37500    -336.0 -704.0 0.00000 1.00000 1.00000 0.37500 0.37500    -80.0 -704.0 0.00000 1.00000 1.00000 0.37500 0.37500
-208.0 -928.0 0.00000 1.00000 1.00000 0.39062 0.39062    -48.0 -928.0 0.00000 1.00000 1.00000 0.39062 0.39062    -208.0 -816.0 0.00000 1.00000 1.00000 0.37500 0.37500    -48.0 -816.0 0.00000 1.00000 1.00000 0.39062 0.39062
-48.0 -928.0 0.00000 1.00000 1.00000 0.39062 0.39062    144.0 -928.0 0.00000 1.00000 1.00000 0.39062 0.39062    -48.0 -880.0 0.00000 1.00000 1.00000 0.37500 0.37500    144.0 -880.0 0.00000 1.00000 1.00000 0.39062 0.39062
32.0 -1024.0 0.00000 1.00000 1.00000 0.37500 0.37500    128.0 -1024.0 0.00000 1.00000 1.00000 0.39062 0.39062    32.0 -928.0 0.00000 1.00000 1.00000 0.39062 0.39062    128.0 -928.0 0.00000 1.00000 1.00000 0.37500 0.37500
-16.0 -1104.0 0.00000 1.00000 1.00000 0.39062 0.39062    96.0 -1104.0 0.00000 1.00000 1.00000 0.37500 0.37500    -16.0 -1024.0 0.00000 1.00000 1.00000 0.39062 0.39062    96.0 -1024.0 0.00000 1.00000 1.00000 0.37500 0.37500
0.0 -1200.0 0.00000 1.00000 1.00000 0.37500 0.37500    144.0 -1200.0 0.00000 1.00000 1.00000 0.39062 0.39062    0.0 -1104.0 0.00000 1.00000 1.00000 0.37500 0.37500    144.0 -1104.0 0.00000 1.00000 1.00000 0.39062 0.39062
-16.0 -1296.0 0.00000 1.00000 1.00000 0.39062 0.39062    128.0 -1296.0 0.00000 1.00000 1.00000 0.39062 0.39062    -16.0 -1200.0 0.00000 1.00000 1.00000 0.39062 0.39062    128.0 -1200.0 0.00000 1.00000 1.00000 0.37500 0.37500
-16.0 -1440.0 0.00000 1.00000 1.00000 0.39062 0.39062    96.0 -1440.0 0.00000 1.00000 1.00000 0.39062 0.39062    -16.0 -1296.0 0.00000 1.00000 1.00000 0.39062 0.39062    96.0 -1296.0 0.00000 1.00000 1.00000 0.37500 0.37500
0.0 -1552.0 0.00000 1.00000 1.00000 0.37500 0.37500    80.0 -1552.0 0.00000 1.00000 1.00000 0.37500 0.37500    0.0 -1440.0 0.00000 1.00000 1.00000 0.37500 0.37500    80.0 -1440.0 0.00000 1.00000 1.00000 0.37500 0.37500
-128.0 -1648.0 0.00000 1.00000 1.00000 0.39062 0.39062    96.0 -1648.0 0.00000 1.00000 1.00000 0.37500 0.37500    -128.0 -1552.0 0.00000 1.00000 1.00000 0.39062 0.39062    96.0 -1552.0 0.00000 1.00000 1.00000 0.39062 0.39062
-64.0 -672.0 0.00000 1.00000 1.00000 0.39062 0.39062    32.0 -672.0 0.00000 1.00000 1.00000 0.39062 0.39062    -64.0 -576.0 0.00000 1.00000 1.00000 0.37500 0.37500    32.0 -576.0 0.00000 1.00000 1.00000 0.37500 0.37500
-48.0 -576.0 0.00000 1.00000 1.00000 0.37500 0.37500    80.0 -576.0 0.00000 1.00000 1.00000 0.39062 0.39062    -48.0 -496.0 0.00000 1.00000 1.00000 0.39062 0.39062    80.0 -496.0 0.00000 1.00000 1.00000 0.39062 0.39062
16.0 -496.0 0.00000 1.00000 1.00000 0.39062 0.39062    144.0 -496.0 0.00000 1.00000 1.00000 0.39062 0.39062    16.0 -400.0 0.00000 1.00000 1.00000 0.39062 0.39062    144.0 -400.0 0.00000 1.00000 1.00000 0.39062 0.39062
144.0 -448.0 0.00000 1.00000 1.00000 0.39062 0.39062    240.0 -448.0 0.00000 1.00000 1.00000 0.39062 0.39062    144.0 -384.0 0.00000 1.00000 1.00000 0.39062 0.39062    240.0 -384.0 0.00000 1.00000 1.00000 0.37500 0.37500
240.0 -432.0 0.00000 1.00000 1.00000 0.37500 0.37500    304.0 -432.0 0.00000 1.00000 1.00000 0.39062 0.39062    240.0 -320.0 0.00000 1.00000 1.00000 0.39062 0.39062    304.0 -320.0 0.00000 1.00000 1.00000 0.37500 0.37500
304.0 -384.0 0.00000 1.00000 1.00000 0.37500 0.37500    352.0 -384.0 0.00000 1.00000 1.00000 0.39062 0.39062    304.0 -288.0 0.00000 1.00000 1.00000 0.39062 0.39062    352.0 -288.0 0.00000 1.00000 1.00000 0.39062 0.39062
352.0 -336.0 0.00000 1.00000 1.00000 0.39062 0.39062    400.0 -336.0 0.00000 1.00000 1.00000 0.39062 0.39062    352.0 -272.0 0.00000 1.00000 1.00000 0.39062 0.39062    400.0 -272.0 0.00000 1.00000 1.00000 0.39062 0.39062
400.0 -304.0 0.00000 1.00000 1.00000 0.39062 0.39062    464.0 -304.0 0.00000 1.00000 1.00000 0.39062 0.39062    400.0 -240.0 0.00000 1.00000 1.00000 0.39062 0.39062    464.0 -240.0 0.00000 1.00000 1.00000 0.37500 0.37500
464.0 -288.0 0.00000 1.00000 1.00000 0.37500 0.37500    576.0 -288.0 0.00000 1.00000 1.00000 0.39062 0.39062    464.0 -208.0 0.00000 1.00000 1.00000 0.39062 0.39062    576.0 -208.0 0.00000 1.00000 1.00000 0.37500 0.37500
576.0 -272.0 0.00000 1.00000 1.00000 0.37500 0.37500    688.0 -272.0 0.00000 1.00000 1.00000 0.39062 0.39062    576.0 -192.0 0.00000 1.00000 1.00000 0.39062 0.39062    688.0 -192.0 0.00000 1.00000 1.00000 0.37500 0.37500
688.0 -256.0 0.00000 1.00000 1.00000 0.37500 0.37500    768.0 -256.0 0.00000 1.00000 1.00000 0.39062 0.39062    688.0 -144.0 0.00000 1.00000 1.00000 0.39062 0.39062    768.0 -144.0 0.00000 1.00000 1.00000 0.37500 0.37500
768.0 -208.0 0.00000 1.00000 1.00000 0.37500 0.37500    800.0 -208.0 0.00000 1.00000 1.00000 0.39062 0.39062    768.0 -128.0 0.00000 1.00000 1.00000 0.39062 0.39062    800.0 -128.0 0.00000 1.00000 1.00000 0.37500 0.37500
800.0 -176.0 0.00000 1.00000 1.00000 0.37500 0.37500    976.0 -176.0 0.00000 1.00000 1.00000 0.39062 0.39062    800.0 -96.0 0.00000 1.00000 1.00000 0.39062 0.39062    976.0 -96.0 0.00000 1.00000 1.00000 0.37500 0.37500
976.0 -160.0 0.00000 1.00000 1.00000 0.37500 0.37500    1200.0 -160.0 0.00000 1.00000 1.00000 0.39062 0.39062    976.0 -64.0 0.00000 1.00000 1.00000 0.39062 0.39062    1200.0 -64.0 0.00000 1.00000 1.00000 0.39062 0.39062
1200.0 -240.0 0.00000 1.00000 1.00000 0.39062 0.39062    1264.0 -240.0 0.00000 1.00000 1.00000 0.37500 0.37500    1200.0 -112.0 0.00000 1.00000 1.00000 0.39062 0.39062    1264.0 -112.0 0.00000 1.00000 1.00000 0.39062 0.39062
1264.0 -320.0 0.00000 1.00000 1.00000 0.39062 0.39062    1344.0 -320.0 0.00000 1.00000 1.00000 0.39062 0.39062    1264.0 -176.0 0.00000 1.00000 1.00000 0.37500 0.37500    1344.0 -176.0 0.00000 1.00000 1.00000 0.39062 0.39062
1344.0 -320.0 0.00000 1.00000 1.00000 0.39062 0.39062    1456.0 -320.0 0.00000 1.00000 1.00000 0.39062 0.39062    1344.0 -208.0 0.00000 1.00000 1.00000 0.37500 0.37500    1456.0 -208.0 0.00000 1.00000 1.00000 0.37500 0.37500
1456.0 -256.0 0.00000 1.00000 1.00000 0.37500 0.37500    1520.0 -256.0 0.00000 1.00000 1.00000 0.39062 0.39062    1456.0 -192.0 0.00000 1.00000 1.00000 0.39062 0.39062    1520.0 -192.0 0.00000 1.00000 1.00000 0.39062 0.39062
1520.0 -208.0 0.00000 1.00000 1.00000 0.39062 0.39062    1648.0 -208.0 0.00000 1.00000 1.00000 0.39062 0.39062    1520.0 -80.0 0.00000 1.00000 1.00000 0.39062 0.39062    1648.0 -80.0 0.00000 1.00000 1.00000 0.39062 0.39062
1568.0 -80.0 0.00000 1.00000 1.00000 0.39062 0.39062    1648.0 -80.0 0.00000 1.00000 1.00000 0.39062 0.39062    1568.0 16.0 0.00000 1.00000 1.00000 0.39062 0.39062    1648.0 16.0 0.00000 1.00000 1.00000 0.39062 0.39062
1648.0 -64.0 0.00000 1.00000 1.00000 0.39062 0.39062    1792.0 -64.0 0.00000 1.00000 1.00000 0.37500 0.37500    1648.0 16.0 0.00000 1.00000 1.00000 0.39062 0.39062    1792.0 16.0 0.00000 1.00000 1.00000 0.39062 0.39062
1792.0 -128.0 0.00000 1.00000 1.00000 0.39062 0.39062    1888.0 -128.0 0.00000 1.00000 1.00000 0.37500 0.37500    1792.0 0.0 0.00000 1.00000 1.00000 0.37500 0.37500    1888.0 0.0 0.00000 1.00000 1.00000 0.39062 0.39062
1888.0 -256.0 0.00000 1.00000 1.00000 0.39062 0.39062    2016.0 -256.0 0.00000 1.00000 1.00000 0.39062 0.39062    1888.0 -32.0 0.00000 1.00000 1.00000 0.37500 0.37500    2016.0 -32.0 0.00000 1.00000 1.00000 0.37500 0.37500
2016.0 -256.0 0.00000 1.00000 1.00000 0.39062 0.39062    2144.0 -256.0 0.00000 1.00000 1.00000 0.37500 0.37500    2016.0 -16.0 0.00000 1.00000 1.00000 0.39062 0.39062    2144.0 -16.0 0.00000 1.00000 1.00000 0.39062 0.39062
2144.0 -272.0 0.00000 1.00000 1.00000 0.39062 0.39062    2224.0 -272.0 0.00000 1.00000 1.00000 0.39062 0.39062    2144.0 -96.0 0.00000 1.00000 1.00000 0.37500 0.37500    2224.0 -96.0 0.00000 1.00000 1.00000 0.39062 0.39062
2224.0 -272.0 0.00000 1.00000 1.00000 0.39062 0.39062    2288.0 -272.0 0.00000 1.00000 1.00000 0.39062 0.39062    2224.0 -144.0 0.00000 1.00000 1.00000 0.37500 0.37500    2288.0 -144.0 0.00000 1.00000 1.00000 0.39062 0.39062
2288.0 -272.0 0.00000 1.00000 1.00000 0.39062 0.39062    2528.0 -272.0 0.00000 1.00000 1.00000 0.39062 0.39062    2288.0 -192.0 0.00000 1.00000 1.00000 0.39062 0.39062    2528.0 -192.0 0.00000 1.00000 1.00000 0.39062 0.39062
2528.0 -272.0 0.00000 1.00000 1.00000 0.39062 0.39062    2640.0 -272.0 0.00000 1.00000 1.00000 0.39062 0.39062    2528.0 -224.0 0.00000 1.00000 1.00000 0.37500 0.37500    2640.0 -224.0 0.00000 1.00000 1.00000 0.39062 0.39062
2048.0 -16.0 0.00000 1.00000 1.00000 0.39062 0.39062    2144.0 -16.0 0.00000 1.00000 1.00000 0.39062 0.39062    2048.0 112.0 0.00000 1.00000 1.00000 0.39062 0.39062    2144.0 112.0 0.00000 1.00000 1.00000 0.39062 0.39062
2096.0 112.0 0.00000 1.00000 1.00000 0.39062 0.39062    2224.0 112.0 0.00000 1.00000 1.00000 0.39062 0.39062    2096.0 240.0 0.00000 1.00000 1.00000 0.37500 0.37500    2224.0 240.0 0.00000 1.00000 1.00000 0.39062 0.39062
2080.0 240.0 0.00000 1.00000 1.00000 0.39062 0.39062    2224.0 240.0 0.00000 1.00000 1.00000 0.39062 0.39062    2080.0 400.0 0.00000 1.00000 1.00000 0.32812 0.32812    2224.0 400.0 0.00000 1.00000 1.00000 0.31250 0.31250
2224.0 320.0 0.00000 1.00000 1.00000 0.34375 0.34375    2256.0 320.0 0.00000 1.00000 1.00000 0.39062 0.39062    2224.0 400.0 0.00000 1.00000 1.00000 0.31250 0.31250    2256.0 400.0 0.00000 1.00000 1.00000 0.32812 0.32812
2160.0 512.0 0.00000 1.00000 1.00000 0.35938 0.35938    2432.0 512.0 0.00000 1.00000 1.00000 0.37500 0.37500    2160.0 576.0 0.00000 1.00000 1.00000 0.39062 0.39062    2432.0 576.0 0.00000 1.00000 1.00000 0.37500 0.37500
2432.0 544.0 0.00000 1.00000 1.00000 0.37500 0.37500    2560.0 544.0 0.00000 1.00000 1.00000 0.35938 0.35938    2432.0 592.0 0.00000 1.00000 1.00000 0.39062 0.39062    2560.0 592.0 0.00000 1.00000 1.00000 0.37500 0.37500
2560.0 576.0 0.00000 1.00000 1.00000 0.35938 0.35938    2720.0 576.0 0.00000 1.00000 1.00000 0.35938 0.35938    2560.0 608.0 0.00000 1.00000 1.00000 0.39062 0.39062    2720.0 608.0 0.00000 1.00000 1.00000 0.39062 0.39062
2720.0 560.0 0.00000 1.00000 1.00000 0.35938 0.35938    2816.0 560.0 0.00000 1.00000 1.00000 0.37500 0.37500    2720.0 608.0 0.00000 1.00000 1.00000 0.39062 0.39062    2816.0 608.0 0.00000 1.00000 1.00000 0.37500 0.37500
2816.0 576.0 0.00000 1.00000 1.00000 0.37500 0.37500    2992.0 576.0 0.00000 1.00000 1.00000 0.39062 0.39062    2816.0 752.0 0.00000 1.00000 1.00000 0.39062 0.39062    2992.0 752.0 0.00000 1.00000 1.00000 0.39062 0.39062
-656.0 576.0 0.00000 1.00000 1.00000 0.37500 0.37500    -496.0 576.0 0.00000 1.00000 1.00000 0.39062 0.39062    -656.0 672.0 0.00000 1.00000 1.00000 0.37500 0.37500    -496.0 672.0 0.00000 1.00000 1.00000 0.39062 0.39062
-736.0 672.0 0.00000 1.00000 1.00000 0.39062 0.39062    -496.0 672.0 0.00000 1.00000 1.00000 0.39062 0.39062    -736.0 784.0 0.00000 1.00000 1.00000 0.39062 0.39062    -496.0 784.0 0.00000 1.00000 1.00000 0.37500 0.37500
-720.0 784.0 0.00000 1.00000 1.00000 0.37500 0.37500    -384.0 784.0 0.00000 1.00000 1.00000 0.39062 0.39062    -720.0 1008.0 0.00000 1.00000 1.00000 0.39062 0.39062    -384.0 1008.0 0.00000 1.00000 1.00000 0.39062 0.39062
-640.0 1008.0 0.00000 1.00000 1.00000 0.37500 0.37500    -400.0 1008.0 0.00000 1.00000 1.00000 0.37500 0.37500    -640.0 1216.0 0.00000 1.00000 1.00000 0.37500 0.37500    -400.0 1216.0 0.00000 1.00000 1.00000 0.39062 0.39062
-880.0 1296.0 0.00000 1.00000 1.00000 0.39062 0.39062    -688.0 1296.0 0.00000 1.00000 1.00000 0.39062 0.39062    -880.0 1408.0 0.00000 1.00000 1.00000 0.39062 0.39062    -688.0 1408.0 0.00000 1.00000 1.00000 0.37500 0.37500
-688.0 1216.0 0.00000 1.00000 1.00000 0.39062 0.39062    -432.0 1216.0 0.00000 1.00000 1.00000 0.37500 0.37500    -688.0 1424.0 0.00000 1.00000 1.00000 0.39062 0.39062    -432.0 1424.0 0.00000 1.00000 1.00000 0.39062 0.39062
-672.0 1424.0 0.00000 1.00000 1.00000 0.39062 0.39062    -448.0 1424.0 0.00000 1.00000 1.00000 0.39062 0.39062    -672.0 1616.0 0.00000 1.00000 1.00000 0.37500 0.37500    -448.0 1616.0 0.00000 1.00000 1.00000 0.39062 0.39062
-832.0 1616.0 0.00000 1.00000 1.00000 0.39062 0.39062    -512.0 1616.0 0.00000 1.00000 1.00000 0.37500 0.37500    -832.0 1728.0 0.00000 1.00000 1.00000 0.39062 0.39062    -512.0 1728.0 0.00000 1.00000 1.00000 0.39062 0.39062
-976.0 1632.0 0.00000 1.00000 1.00000 0.39062 0.39062    -832.0 1632.0 0.00000 1.00000 1.00000 0.37500 0.37500    -976.0 1712.0 0.00000 1.00000 1.00000 0.39062 0.39062    -832.0 1712.0 0.00000 1.00000 1.00000 0.37500 0.37500
-832.0 1728.0 0.00000 1.00000 1.00000 0.39062 0.39062    -576.0 1728.0 0.00000 1.00000 1.00000 0.37500 0.37500    -832.0 2032.0 0.00000 1.00000 1.00000 0.39062 0.39062    -576.0 2032.0 0.00000 1.00000 1.00000 0.39062 0.39062
-1248.0 2544.0 40.60000 1.00000 1.00000 0.39062 0.39062    -1088.0 2544.0 40.60000 1.00000 1.00000 0.39062 0.39062    -1248.0 2832.0 40.60000 1.00000 1.00000 0.39062 0.39062    -1088.0 2832.0 40.60000 1.00000 1.00000 0.39062 0.39062
-1088.0 2544.0 40.60000 1.00000 1.00000 0.39062 0.39062    -1040.0 2544.0 40.59999 1.00000 1.00000 0.39062 0.39062    -1088.0 2784.0 40.59999 1.00000 1.00000 0.37500 0.37500    -1040.0 2784.0 40.60000 1.00000 1.00000 0.39062 0.39062
-1040.0 2544.0 40.59999 1.00000 1.00000 0.39062 0.39062    -832.0 2544.0 40.60000 1.00000 1.00000 0.39062 0.39062    -1040.0 2736.0 40.59999 1.00000 1.00000 0.37500 0.37500    -832.0 2736.0 40.60000 1.00000 1.00000 0.39062 0.39062
-1088.0 2416.0 40.60000 1.00000 1.00000 0.39062 0.39062    -832.0 2416.0 40.60000 1.00000 1.00000 0.39062 0.39062    -1088.0 2544.0 40.60000 1.00000 1.00000 0.39062 0.39062    -832.0 2544.0 40.60000 1.00000 1.00000 0.39062 0.39062
-1040.0 2304.0 40.60000 1.00000 1.00000 0.39062 0.39062    -864.0 2304.0 40.60000 1.00000 1.00000 0.39062 0.39062    -1040.0 2416.0 40.59999 1.00000 1.00000 0.39062 0.39062    -864.0 2416.0 40.59999 1.00000 1.00000 0.39062 0.39062
-1024.0 2144.0 40.60000 1.00000 1.00000 0.39062 0.39062    -864.0 2144.0 40.59998 1.00000 1.00000 0.37500 0.37500    -1024.0 2304.0 40.59999 1.00000 1.00000 0.37500 0.37500    -864.0 2304.0 40.60000 1.00000 1.00000 0.39062 0.39062
-1072.0 2160.0 40.59999 1.00000 1.00000 0.37500 0.37500    -1024.0 2160.0 40.59999 1.00000 1.00000 0.37500 0.37500    -1072.0 2256.0 40.60000 1.00000 1.00000 0.39062 0.39062    -1024.0 2256.0 40.59999 1.00000 1.00000 0.37500 0.37500
-1200.0 2114.0 40.60000 1.00000 1.00000 0.39062 0.39062    -1072.0 2114.0 40.60000 1.00000 1.00000 0.39062 0.39062    -1200.0 2242.0 40.60000 1.00000 1.00000 0.39062 0.39062    -1072.0 2242.0 40.59999 1.00000 1.00000 0.37500 0.37500
-976.0 2016.0 40.60000 1.00000 1.00000 0.39062 0.39062    -848.0 2016.0 40.60000 1.00000 1.00000 0.39062 0.39062    -976.0 2144.0 40.59999 1.00000 1.00000 0.37500 0.37500    -848.0 2144.0 40.59998 1.00000 1.00000 0.37500 0.37500
-864.0 2144.0 40.59998 1.00000 1.00000 0.37500 0.37500    -480.0 2144.0 40.60000 1.00000 1.00000 0.39062 0.39062    -864.0 2272.0 40.59999 1.00000 1.00000 0.37500 0.37500    -480.0 2272.0 40.60000 1.00000 1.00000 0.39062 0.39062
-688.0 2272.0 40.59999 1.00000 1.00000 0.37500 0.37500    -496.0 2272.0 40.59999 1.00000 1.00000 0.37500 0.37500    -688.0 2320.0 40.60000 1.00000 1.00000 0.39062 0.39062    -496.0 2320.0 40.60000 1.00000 1.00000 0.39062 0.39062
-608.0 2320.0 40.59999 1.00000 1.00000 0.39062 0.39062    -528.0 2320.0 40.59999 1.00000 1.00000 0.37500 0.37500    -608.0 2352.0 40.60000 1.00000 1.00000 0.39062 0.39062    -528.0 2352.0 40.60000 1.00000 1.00000 0.39062 0.39062
-848.0 2048.0 40.59999 1.00000 1.00000 0.37500 0.37500    -816.0 2048.0 40.60000 1.00000 1.00000 0.39062 0.39062    -848.0 2144.0 40.59998 1.00000 1.00000 0.37500 0.37500    -816.0 2144.0 40.59998 1.00000 1.00000 0.37500 0.37500
-816.0 2064.0 40.59999 1.00000 1.00000 0.37500 0.37500    -496.0 2064.0 40.60000 1.00000 1.00000 0.39062 0.39062    -816.0 2144.0 40.59998 1.00000 1.00000 0.37500 0.37500    -496.0 2144.0 40.59999 1.00000 1.00000 0.37500 0.37500
-576.0 2032.0 0.00000 1.00000 1.00000 0.39062 0.39062    -512.0 2032.0 40.60000 1.00000 1.00000 0.39062 0.39062    -576.0 2064.0 40.59999 1.00000 1.00000 0.37500 0.37500    -512.0 2064.0 40.59999 1.00000 1.00000 0.37500 0.37500
2376.0 -3000.0 0.00000 1.00000 0.00000 0.00000 0.00000    3000.0 -3000.0 0.00000 1.00000 0.00000 0.00000 0.00000    2376.0 -2696.0 0.00000 1.00000 0.40000 0.14062 0.14062    3000.0 -2696.0 0.00000 1.00000 0.00000 0.00000 0.00000
2520.0 -2696.0 0.00000 1.00000 0.30769 0.09375 0.09375    3000.0 -2696.0 0.00000 1.00000 0.00000 0.00000 0.00000    2520.0 -2560.0 0.00000 1.00000 1.00000 0.39062 0.39062    3000.0 -2560.0 0.00000 1.00000 0.00000 0.00000 0.00000
-1328.0 2082.0 40.59999 1.00000 1.00000 0.39062 0.39062    -1200.0 2082.0 40.60000 1.00000 1.00000 0.39062 0.39062    -1328.0 2210.0 40.60000 1.00000 1.00000 0.39062 0.39062    -1200.0 2210.0 40.60000 1.00000 1.00000 0.39062 0.39062
-1456.0 2048.0 40.60000 1.00000 1.00000 0.39062 0.39062    -1328.0 2048.0 40.60000 1.00000 1.00000 0.39062 0.39062    -1456.0 2176.0 40.60000 1.00000 1.00000 0.39062 0.39062    -1328.0 2176.0 40.59999 1.00000 1.00000 0.39062 0.39062
-1248.0 -144.0 0.00000 0.00000 0.00000 0.00000 0.00000    -992.0 -144.0 0.00000 1.00000 1.00000 0.39062 0.39062    -1248.0 208.0 0.00000 0.48127 0.48127 0.12500 0.12500    -992.0 208.0 0.00000 0.75707 0.75707 0.20312 0.20312
-1176.0 -432.0 0.00000 0.39655 0.39655 0.12500 0.12500    -992.0 -432.0 0.00000 0.00000 0.00000 0.00000 0.00000    -1176.0 -144.0 0.00000 0.28125 0.28125 0.10938 0.10938    -992.0 -144.0 0.00000 1.00000 1.00000 0.39062 0.39062
-1792.0 -592.0 0.00000 0.00000 0.00000 0.00000 0.00000    -1728.0 -592.0 0.00000 0.08680 0.08680 0.00000 0.00000    -1792.0 -144.0 0.00000 0.00000 0.00000 0.00000 0.00000    -1728.0 -144.0 0.00000 0.01341 0.01341 0.00000 0.00000
-1792.0 170.0 0.00000 0.00000 0.00000 0.00000 0.00000    -1600.0 170.0 0.00000 0.00510 0.00510 0.00000 0.00000    -1792.0 274.0 0.00000 0.00000 0.00000 0.00000 0.00000    -1600.0 274.0 0.00000 0.27041 0.27041 0.07812 0.07812
-1600.0 168.0 0.00000 0.00000 0.00000 0.00000 0.00000    -1256.0 168.0 0.00000 0.00000 0.00000 0.00000 0.00000    -1600.0 208.0 0.00000 0.10204 0.10204 0.01562 0.01562    -1256.0 208.0 0.00000 0.47265 0.47265 0.12500 0.12500
-1574.0 -50.0 0.00000 0.00000 0.00000 0.00000 0.00000    -1550.0 -50.0 0.00000 0.00000 0.00000 0.00000 0.00000    -1574.0 102.0 0.00000 0.00000 0.00000 0.00000 0.00000    -1550.0 102.0 0.00000 0.00000 0.00000 0.00000 0.00000
-912.0 208.0 0.00000 0.84326 0.84326 0.23438 0.23438    -752.0 208.0 0.00000 1.00000 1.00000 0.39062 0.39062    -912.0 48.0 0.00000 0.91450 0.91450 0.29688 0.29688
-1610.0 168.0 0.00000 0.00000 0.00000 0.00000 0.00000    -1550.0 168.0 0.00000 0.00000 0.00000 0.00000 0.00000    -1550.0 108.0 0.00000 0.00000 0.00000 0.00000 0.00000
-1728.0 -62.0 0.00000 0.00000 0.00000 0.00000 0.00000    -1568.0 -62.0 0.00000 0.00000 0.00000 0.00000 0.00000    -1728.0 -222.0 0.00000 0.02618 0.02618 0.00000 0.00000
-1724.0 170.0 0.00000 0.00181 0.00181 0.00000 0.00000    -1612.0 170.0 0.00000 0.00478 0.00478 0.00000 0.00000    -1724.0 58.0 0.00000 0.00000 0.00000 0.00000 0.00000
-1550.0 168.0 0.00000 0.00000 0.00000 0.00000 0.00000    -1362.0 168.0 0.00000 0.00000 0.00000 0.00000 0.00000    -1550.0 -20.0 0.00000 0.00000 0.00000 0.00000 0.00000
-1722.0 -62.0 0.00000 0.00000 0.00000 0.00000 0.00000    -1574.0 -62.0 0.00000 0.00000 0.00000 0.00000 0.00000    -1574.0 86.0 0.00000 0.00000 0.00000 0.00000 0.00000
